


10 1.144760023   0.04414454
11 1.163560013   0.03414711
12 1.133480029   0.02985358
13 1.11280004   0.02775261
14 1.120320036   0.02539136
15 1.103400045   0.02390541
16 1.110920041   0.02192663
17 1.095880049   0.02051792
18 1.084600055   0.01977948
19 1.077080059   0.01936727
20 1.078960058   0.01854052
21 1.082720056   0.01791643
22 1.07520006   0.01681351
23 1.069560063   0.01606789
24 1.063920066   0.01549431
25 1.063920066   0.01494166
26 1.060160068   0.01421000
27 1.062040067   0.01325802
28 1.058280069   0.01246669
29 1.054520071   0.01187365
30 1.050760073   0.01145806
31 1.054520071   0.01090080
32 1.054520071   0.01026007
33 1.050760073   0.009774815
34 1.047000075   0.009523218
35 1.045120076   0.009314199
36 1.047000075   0.009051162
37 1.047000075   0.008700670
38 1.045120076   0.008468411
39 1.041360078   0.008312274
40 1.039480079   0.008131869
41 1.041360078   0.007968315
42 1.041360078   0.007724368
43 1.039480079   0.007465416
44 1.03760008   0.007294365
45 1.035720081   0.007166523
46 1.033840082   0.007095599
47 1.03760008   0.006886874
48 1.035720081   0.006605452
49 1.033840082   0.006399257
50 1.031960083   0.006366537
51 1.033840082   0.006293264
52 1.031960083   0.005995089
53 1.031960083   0.005839407
54 1.030080084   0.005865418
55 1.030080084   0.005729345
56 1.030080084   0.005560756
57 1.030080084   0.005512103
58 1.028200085   0.005368951
59 1.028200085   0.005266590
60 1.026320086   0.005290146
61 1.026320086   0.005149666
62 1.028200085   0.005124871
63 1.026320086   0.004974386
64 1.026320086   0.004919533
65 1.024440087   0.004858824
66 1.024440087   0.004767744
67 1.024440087   0.004721818
68 1.024440087   0.004565677
69 1.024440087   0.004553952
70 1.022560088   0.004493305
71 1.024440087   0.004365419
72 1.022560088   0.004352202
73 1.022560088   0.004234636
74 1.022560088   0.004183252
75 1.022560088   0.004153952
76 1.022560088   0.004085218
77 1.020680089   0.004080183
78 1.020680089   0.004000839
79 1.020680089   0.003911666
80 1.020680089   0.003907146
81 1.020680089   0.003823299
82 1.020680089   0.003754929
83 1.01880009   0.003806987
84 1.020680089   0.003769556
85 1.020680089   0.003671224
86 1.01880009   0.003596562
87 1.01880009   0.003586339
88 1.01880009   0.003528508
89 1.01880009   0.003468345
90 1.01880009   0.003450054
91 1.01880009   0.003417476
92 1.01880009   0.003441077
93 1.016920091   0.003357417
94 1.01880009   0.003351579
95 1.016920091   0.003266309
96 1.016920091   0.003200290
97 1.016920091   0.003208225
98 1.016920091   0.003146383
99 1.016920091   0.003116390
100 1.016920091   0.003112455
101 1.016920091   0.003069090
102 1.016920091   0.003104818
103 1.015040092   0.003074101
104 1.015040092   0.003029590
105 1.015040092   0.003012934
106 1.015040092   0.002930470
107 1.015040092   0.002897057
108 1.015040092   0.002886658
109 1.015040092   0.002820242
110 1.015040092   0.002809334
111 1.015040092   0.002792616
112 1.015040092   0.002740332
113 1.015040092   0.002775856
114 1.015040092   0.002754546
115 1.015040092   0.002699120
116 1.013160093   0.002765751
117 1.013160093   0.002727351
118 1.013160093   0.002695746
119 1.013160093   0.002639238
120 1.013160093   0.002618516
121 1.013160093   0.002580612
122 1.013160093   0.002532178
123 1.013160093   0.002533291
124 1.013160093   0.002493260
125 1.013160093   0.002451502
126 1.013160093   0.002468017
127 1.013160093   0.002438306
128 1.013160093   0.002414114
129 1.013160093   0.002423448
130 1.013160093   0.002403592
131 1.013160093   0.002422874
132 1.013160093   0.002414143
133 1.01880009   0.002365623
134 1.01880009   0.002349836
135 1.01880009   0.002323870
136 1.01880009   0.002319125
137 1.011280094   0.002316319
138 1.01880009   0.002294238
139 1.01880009   0.002254124
140 1.011280094   0.002230027
141 1.011280094   0.002224486
142 1.011280094   0.002187144
143 1.011280094   0.002162668
144 1.011280094   0.002155176
145 1.011280094   0.002125848
146 1.011280094   0.002120528
147 1.011280094   0.002104609
148 1.011280094   0.002080478
149 1.011280094   0.002099361
150 1.011280094   0.002081068
151 1.011280094   0.002062801
152 1.016920091   0.002044407
153 1.016920091   0.002028673
154 1.016920091   0.002010935
155 1.016920091   0.001992740
156 1.016920091   0.001991811
157 1.016920091   0.001987855
158 1.016920091   0.001960631
159 1.016920091   0.001940355
160 1.016920091   0.001950023
161 1.016920091   0.001942522
162 1.016920091   0.001923003
163 1.016920091   0.001919278
164 1.016920091   0.001908082
165 1.015040092   0.001885714
166 1.015040092   0.001874504
167 1.015040092   0.001880797
168 1.015040092   0.001869327
169 1.015040092   0.001841127
170 1.015040092   0.001827418
171 1.015040092   0.001794609
172 1.015040092   0.001777886
173 1.015040092   0.001780431
174 1.015040092   0.001772918
175 1.015040092   0.001755371
176 1.015040092   0.001739868
177 1.015040092   0.001728287
178 1.015040092   0.001705042
179 1.015040092   0.001691604
180 1.015040092   0.001693404
181 1.015040092   0.001688125
182 1.015040092   0.001686129
183 1.015040092   0.001696637
184 1.015040092   0.001680171
185 1.015040092   0.001648403
186 1.015040092   0.001631242
187 1.015040092   0.001638841
188 1.015040092   0.001642596
189 1.013160093   0.001640214
190 1.013160093   0.001622649
191 1.013160093   0.001623038
192 1.013160093   0.001613548
193 1.013160093   0.001597388
194 1.013160093   0.001593529
195 1.013160093   0.001573928
196 1.013160093   0.001557232
197 1.013160093   0.001548655
198 1.013160093   0.001544151
199 1.013160093   0.001529747
200 1.013160093   0.001516858
201 1.013160093   0.001515267
202 1.013160093   0.001499935
203 1.013160093   0.001485887
204 1.013160093   0.001478810
205 1.013160093   0.001466392
206 1.013160093   0.001458746
207 1.013160093   0.001463508
208 1.013160093   0.001457354
209 1.013160093   0.001438181
210 1.013160093   0.001424919
211 1.013160093   0.001428063
212 1.013160093   0.001422410
213 1.013160093   0.001413890
214 1.013160093   0.001418054
215 1.013160093   0.001406702
216 1.013160093   0.001391347
217 1.013160093   0.001389958
218 1.013160093   0.001407588
219 1.013160093   0.001406443
220 1.013160093   0.001396887
221 1.011280094   0.001402706
222 1.011280094   0.001388693
223 1.013160093   0.001378691
224 1.011280094   0.001374427
225 1.011280094   0.001361132
226 1.011280094   0.001352753
227 1.011280094   0.001349042
228 1.011280094   0.001337655
229 1.011280094   0.001329575
230 1.011280094   0.001325289
231 1.011280094   0.001313059
232 1.011280094   0.001301119
233 1.011280094   0.001303174
234 1.011280094   0.001291528
235 1.011280094   0.001278611
236 1.011280094   0.001275053
237 1.011280094   0.001272351
238 1.011280094   0.001263711
239 1.011280094   0.001248914
240 1.011280094   0.001242201
241 1.011280094   0.001230800
242 1.011280094   0.001225945
243 1.011280094   0.001227112
244 1.011280094   0.001218987
245 1.011280094   0.001207258
246 1.011280094   0.001196796
247 1.011280094   0.001189399
248 1.011280094   0.001181767
249 1.011280094   0.001178125
250 1.011280094   0.001174119
251 1.011280094   0.001162194
252 1.011280094   0.001155169
253 1.011280094   0.001157117
254 1.011280094   0.001152619
255 1.011280094   0.001145367
256 1.011280094   0.001141315
257 1.011280094   0.001134041
258 1.011280094   0.001121175
259 1.011280094   0.001117664
260 1.011280094   0.001130413
261 1.011280094   0.001129242
262 1.011280094   0.001126918
263 1.011280094   0.001128322
264 1.011280094   0.001122809
265 1.011280094   0.001111164
266 1.011280094   0.001102582
267 1.011280094   0.001113443
268 1.011280094   0.001107237
269 1.011280094   0.001104403
270 1.011280094   0.001106536
271 1.011280094   0.001103306
272 1.011280094   0.001099626
273 1.011280094   0.001094699
274 1.011280094   0.001098816
275 1.011280094   0.001090945
276 1.011280094   0.001081352
277 1.011280094   0.001076525
278 1.011280094   0.001074796
279 1.011280094   0.001070544
280 1.011280094   0.001071043
281 1.009400095   0.001071178
282 1.009400095   0.001062558
283 1.009400095   0.001056182
284 1.009400095   0.001052205
285 1.009400095   0.001044535
286 1.009400095   0.001035805
287 1.009400095   0.001031908
288 1.009400095   0.001030796
289 1.009400095   0.001024045
290 1.009400095   0.001017365
291 1.009400095   0.001012600
292 1.009400095   0.001003893
293 1.009400095   0.0009985062
294 1.009400095   0.001001285
295 1.009400095   0.0009964879
296 1.009400095   0.0009872919
297 1.009400095   0.0009831220
298 1.009400095   0.0009835477
299 1.009400095   0.0009797561
300 1.009400095   0.0009761433
301 1.009400095   0.0009805029
302 1.009400095   0.0009722365
303 1.009400095   0.0009619804
304 1.009400095   0.0009619294
305 1.009400095   0.0009669276
306 1.009400095   0.0009647948
307 1.009400095   0.0009623124
308 1.009400095   0.0009713692
309 1.009400095   0.0009645759
310 1.009400095   0.0009550168
311 1.009400095   0.0009558778
312 1.009400095   0.0009619636
313 1.009400095   0.0009555324
314 1.009400095   0.0009519376
315 1.009400095   0.0009682119
316 1.009400095   0.0009661721
317 1.009400095   0.0009632555
318 1.009400095   0.0009658646
319 1.009400095   0.0009734134
320 1.009400095   0.0009631039
321 1.009400095   0.0009529433
322 1.009400095   0.0009642597
323 1.009400095   0.0009594752
324 1.009400095   0.0009590464
325 1.007520096   0.0009624776
326 1.007520096   0.0009564469
327 1.007520096   0.0009551106
328 1.007520096   0.0009478582
329 1.007520096   0.0009429095
330 1.007520096   0.0009425819
331 1.007520096   0.0009360725
332 1.007520096   0.0009291456
333 1.007520096   0.0009290312
334 1.007520096   0.0009237691
335 1.007520096   0.0009172588
336 1.007520096   0.0009158286
337 1.007520096   0.0009119028
338 1.007520096   0.0009066921
339 1.007520096   0.0009014280
340 1.007520096   0.0008984838
341 1.007520096   0.0008919087
342 1.007520096   0.0008884454
343 1.007520096   0.0008881178
344 1.007520096   0.0008823308
345 1.007520096   0.0008760850
346 1.007520096   0.0008755761
347 1.007520096   0.0008707471
348 1.007520096   0.0008647662
349 1.007520096   0.0008633610
350 1.007520096   0.0008603030
351 1.007520096   0.0008564221
352 1.007520096   0.0008520476
353 1.007520096   0.0008509546
354 1.007520096   0.0008432891
355 1.007520096   0.0008362387
356 1.007520096   0.0008360598
357 1.007520096   0.0008334006
358 1.007520096   0.0008301573
359 1.007520096   0.0008259499
360 1.007520096   0.0008210287
361 1.007520096   0.0008148976
362 1.007520096   0.0008116766
363 1.007520096   0.0008102224
364 1.007520096   0.0008051969
365 1.007520096   0.0008011762
366 1.007520096   0.0008002097
367 1.007520096   0.0007968911
368 1.007520096   0.0007929006
369 1.007520096   0.0007912471
370 1.007520096   0.0007856895
371 1.007520096   0.0007788238
372 1.007520096   0.0007765866
373 1.007520096   0.0007792481
374 1.007520096   0.0007775176
375 1.007520096   0.0007740963
376 1.007520096   0.0007746625
377 1.007520096   0.0007683484
378 1.007520096   0.0007614931
379 1.007520096   0.0007604426
380 1.007520096   0.0007634874
381 1.007520096   0.0007610427
382 1.007520096   0.0007586440
383 1.007520096   0.0007644865
384 1.007520096   0.0007612165
385 1.007520096   0.0007559318
386 1.007520096   0.0007555108
387 1.007520096   0.0007576303
388 1.007520096   0.0007517551
389 1.007520096   0.0007482418
390 1.007520096   0.0007580349
391 1.007520096   0.0007574395
392 1.007520096   0.0007555498
393 1.007520096   0.0007568593
394 1.007520096   0.0007604686
395 1.007520096   0.0007525857
396 1.007520096   0.0007461530
397 1.007520096   0.0007543715
398 1.007520096   0.0007519088
399 1.007520096   0.0007510839
400 1.007520096   0.0007519643
401 1.007520096   0.0007560019
402 1.007520096   0.0007507347
403 1.007520096   0.0007450661
404 1.007520096   0.0007493492
405 1.007520096   0.0007455753
406 1.007520096   0.0007426879
407 1.007520096   0.0007414977
408 1.007520096   0.0007453943
409 1.007520096   0.0007414065
410 1.007520096   0.0007368668
411 1.007520096   0.0007387980
412 1.007520096   0.0007393882
413 1.007520096   0.0007356977
414 1.007520096   0.0007333743
415 1.007520096   0.0007402223
416 1.007520096   0.0007369139
417 1.007520096   0.0007336275
418 1.007520096   0.0007309726
419 1.007520096   0.0007330356
420 1.007520096   0.0007289361
421 1.007520096   0.0007253311
422 1.007520096   0.0007287029
423 1.007520096   0.0007274611
424 1.007520096   0.0007242711
425 1.007520096   0.0007223762
426 1.007520096   0.0007278342
427 1.007520096   0.0007262512
428 1.007520096   0.0007244895
429 1.007520096   0.0007224510
430 1.007520096   0.0007257002
431 1.007520096   0.0007208310
432 1.007520096   0.0007156856
433 1.007520096   0.0007154164
434 1.007520096   0.0007140416
435 1.007520096   0.0007111494
436 1.007520096   0.0007103953
437 1.003760098   0.0007151647
438 1.005640097   0.0007136255
439 1.005640097   0.0007105580
440 1.005640097   0.0007101353
441 1.005640097   0.0007059894
442 1.005640097   0.0007020911
443 1.005640097   0.0007020083
444 1.005640097   0.0006988507
445 1.005640097   0.0006957973
446 1.005640097   0.0006949080
447 1.005640097   0.0006914334
448 1.005640097   0.0006875704
449 1.005640097   0.0006873512
450 1.005640097   0.0006851890
451 1.005640097   0.0006822038
452 1.005640097   0.0006796847
453 1.005640097   0.0006789624
454 1.005640097   0.0006748080
455 1.005640097   0.0006708992
456 1.005640097   0.0006705954
457 1.005640097   0.0006679108
458 1.005640097   0.0006654418
459 1.005640097   0.0006643451
460 1.005640097   0.0006609221
461 1.005640097   0.0006571601
462 1.005640097   0.0006566152
463 1.005640097   0.0006546408
464 1.005640097   0.0006517330
465 1.005640097   0.0006496417
466 1.005640097   0.0006499583
467 1.005640097   0.0006467470
468 1.005640097   0.0006423136
469 1.005640097   0.0006416104
470 1.005640097   0.0006384466
471 1.005640097   0.0006365962
472 1.005640097   0.0006359414
473 1.005640097   0.0006343553
474 1.005640097   0.0006303659
475 1.005640097   0.0006266783
476 1.005640097   0.0006254547
477 1.005640097   0.0006227599
478 1.005640097   0.0006207526
479 1.005640097   0.0006197579
480 1.005640097   0.0006171187
481 1.005640097   0.0006145461
482 1.005640097   0.0006139606
483 1.005640097   0.0006112192
484 1.005640097   0.0006072232
485 1.005640097   0.0006050599
486 1.005640097   0.0006045736
487 1.005640097   0.0006032718
488 1.005640097   0.0006017733
489 1.005640097   0.0006025617
490 1.005640097   0.0005984801
491 1.005640097   0.0005940938
492 1.005640097   0.0005932061
493 1.005640097   0.0005926468
494 1.005640097   0.0005912070
495 1.005640097   0.0005893235
496 1.005640097   0.0005910869
497 1.005640097   0.0005879680
498 1.005640097   0.0005846824
499 1.005640097   0.0005850600
500 1.005640097   0.0005831303
